  temp,ev,eb,ec,ei,rorms,ensk,ensm,enskc
   0.0000000E+00   5.3406706E-01   4.0000002E-03  -4.0000002E-03   1.5134035E-01   2.9638738E-02   3.7761572E-04   3.7761572E-04   3.4540331E-06
   5.1113403E-01   5.3406940E-01   3.9966622E-03  -3.9988716E-03   1.5134135E-01   2.9645190E-02   3.7914054E-04   3.7519847E-04   3.4624109E-06
   1.0080699E+00   5.3407618E-01   3.9888551E-03  -3.9966727E-03   1.5134238E-01   2.9664155E-02   3.8307758E-04   3.6953344E-04   3.4863981E-06
   1.5050058E+00   5.3408514E-01   3.9788117E-03  -3.9939647E-03   1.5134346E-01   2.9696452E-02   3.8782270E-04   3.6293054E-04   3.5216091E-06
   2.0019416E+00   5.3409360E-01   3.9692044E-03  -3.9913816E-03   1.5134460E-01   2.9743059E-02   3.9176591E-04   3.5768128E-04   3.5584589E-06
   2.5130756E+00   5.3409948E-01   3.9620848E-03  -3.9893313E-03   1.5134585E-01   2.9806679E-02   3.9399425E-04   3.5504215E-04   3.5885170E-06
   3.0100115E+00   5.3410122E-01   3.9590633E-03  -3.9881016E-03   1.5134713E-01   2.9883952E-02   3.9425588E-04   3.5524723E-04   3.6082499E-06
   3.5069474E+00   5.3409892E-01   3.9600169E-03  -3.9875451E-03   1.5134847E-01   2.9976073E-02   3.9308487E-04   3.5747101E-04   3.6248090E-06
   4.0038832E+00   5.3409324E-01   3.9642858E-03  -3.9874388E-03   1.5134988E-01   3.0082405E-02   3.9113111E-04   3.6075466E-04   3.6477287E-06
   4.5008191E+00   5.3408525E-01   3.9708062E-03  -3.9875208E-03   1.5135135E-01   3.0202301E-02   3.8898466E-04   3.6427012E-04   3.6849550E-06
   5.0119531E+00   5.3407581E-01   3.9786669E-03  -3.9875608E-03   1.5135293E-01   3.0339275E-02   3.8700200E-04   3.6756317E-04   3.7422929E-06
   5.5088890E+00   5.3406646E-01   3.9864252E-03  -3.9873901E-03   1.5135453E-01   3.0485436E-02   3.8550354E-04   3.7019875E-04   3.8166835E-06
   6.0058248E+00   5.3405767E-01   3.9935645E-03  -3.9869187E-03   1.5135618E-01   3.0644272E-02   3.8447849E-04   3.7224178E-04   3.9073661E-06
   6.5027607E+00   5.3404989E-01   3.9996314E-03  -3.9861112E-03   1.5135789E-01   3.0815673E-02   3.8388010E-04   3.7377930E-04   4.0117474E-06
   7.0138947E+00   5.3404317E-01   4.0045247E-03  -3.9849340E-03   1.5135971E-01   3.1004889E-02   3.8361278E-04   3.7497578E-04   4.1312807E-06
   7.5108306E+00   5.3403794E-01   4.0079350E-03  -3.9834802E-03   1.5136154E-01   3.1201074E-02   3.8358685E-04   3.7590515E-04   4.2582846E-06
   8.0077665E+00   5.3403389E-01   4.0101012E-03  -3.9817584E-03   1.5136342E-01   3.1408813E-02   3.8369868E-04   3.7672052E-04   4.3958441E-06
   8.5047023E+00   5.3403087E-01   4.0111763E-03  -3.9798072E-03   1.5136536E-01   3.1627449E-02   3.8387525E-04   3.7750772E-04   4.5445033E-06
   9.0016382E+00   5.3402872E-01   4.0113434E-03  -3.9776615E-03   1.5136735E-01   3.1856190E-02   3.8406423E-04   3.7832409E-04   4.7050715E-06
   9.5127722E+00   5.3402720E-01   4.0107650E-03  -3.9752822E-03   1.5136945E-01   3.2101068E-02   3.8423625E-04   3.7922974E-04   4.8834640E-06
   1.0009708E+01   5.3402623E-01   4.0096515E-03  -3.9728251E-03   1.5137153E-01   3.2347506E-02   3.8436310E-04   3.8019101E-04   5.0703072E-06
   1.0506644E+01   5.3402561E-01   4.0081490E-03  -3.9702436E-03   1.5137365E-01   3.2601200E-02   3.8444337E-04   3.8123650E-04   5.2705356E-06
   1.1003580E+01   5.3402522E-01   4.0063851E-03  -3.9675501E-03   1.5137580E-01   3.2861176E-02   3.8447843E-04   3.8236363E-04   5.4839253E-06
   1.1500516E+01   5.3402496E-01   4.0044631E-03  -3.9647536E-03   1.5137799E-01   3.3126485E-02   3.8447493E-04   3.8356614E-04   5.7098868E-06
   1.2011650E+01   5.3402473E-01   4.0024055E-03  -3.9617761E-03   1.5138027E-01   3.3403978E-02   3.8444145E-04   3.8487359E-04   5.9544716E-06
   1.2508586E+01   5.3402451E-01   4.0003884E-03  -3.9587875E-03   1.5138251E-01   3.3677356E-02   3.8439157E-04   3.8620558E-04   6.2029241E-06
   1.3005521E+01   5.3402424E-01   3.9983989E-03  -3.9557097E-03   1.5138478E-01   3.3953460E-02   3.8433676E-04   3.8759076E-04   6.4605715E-06
   1.3502457E+01   5.3402389E-01   3.9964673E-03  -3.9525454E-03   1.5138706E-01   3.4231537E-02   3.8428889E-04   3.8902365E-04   6.7260165E-06
   1.4013591E+01   5.3402343E-01   3.9945617E-03  -3.9492031E-03   1.5138942E-01   3.4518880E-02   3.8425879E-04   3.9054285E-04   7.0056767E-06
   1.4510527E+01   5.3402289E-01   3.9928001E-03  -3.9458711E-03   1.5139172E-01   3.4798864E-02   3.8425877E-04   3.9206096E-04   7.2825746E-06
   1.5007463E+01   5.3402224E-01   3.9911340E-03  -3.9424606E-03   1.5139404E-01   3.5078861E-02   3.8429710E-04   3.9361772E-04   7.5630490E-06
   1.5504399E+01   5.3402148E-01   3.9895650E-03  -3.9389747E-03   1.5139636E-01   3.5358322E-02   3.8438209E-04   3.9521215E-04   7.8458441E-06
   1.6001335E+01   5.3402063E-01   3.9880915E-03  -3.9354167E-03   1.5139869E-01   3.5636743E-02   3.8452102E-04   3.9684391E-04   8.1298138E-06
   1.6512469E+01   5.3401965E-01   3.9866716E-03  -3.9316860E-03   1.5140109E-01   3.5921549E-02   3.8472674E-04   3.9856139E-04   8.4220448E-06
   1.7009405E+01   5.3401862E-01   3.9853792E-03  -3.9279939E-03   1.5140342E-01   3.6196487E-02   3.8499314E-04   4.0026962E-04   8.7053861E-06
   1.7506341E+01   5.3401750E-01   3.9841677E-03  -3.9242420E-03   1.5140574E-01   3.6469111E-02   3.8532931E-04   4.0201637E-04   8.9871937E-06
   1.8003276E+01   5.3401631E-01   3.9830310E-03  -3.9204350E-03   1.5140807E-01   3.6739074E-02   3.8573864E-04   4.0380232E-04   9.2668284E-06
   1.8500212E+01   5.3401506E-01   3.9819627E-03  -3.9165775E-03   1.5141038E-01   3.7006066E-02   3.8622370E-04   4.0562809E-04   9.5437702E-06
   1.9011346E+01   5.3401372E-01   3.9809285E-03  -3.9125623E-03   1.5141276E-01   3.7277296E-02   3.8680355E-04   4.0754815E-04   9.8253856E-06
   1.9508282E+01   5.3401237E-01   3.9799796E-03  -3.9086175E-03   1.5141506E-01   3.7537444E-02   3.8744714E-04   4.0945624E-04   1.0095717E-05
   2.0005218E+01   5.3401097E-01   3.9790803E-03  -3.9046370E-03   1.5141736E-01   3.7793877E-02   3.8817000E-04   4.1140535E-04   1.0362421E-05
   2.0502154E+01   5.3400955E-01   3.9782249E-03  -3.9006257E-03   1.5141964E-01   3.8046411E-02   3.8897209E-04   4.1339555E-04   1.0625368E-05
   2.1013288E+01   5.3400805E-01   3.9773849E-03  -3.8964729E-03   1.5142197E-01   3.8301926E-02   3.8987921E-04   4.1548535E-04   1.0891850E-05
   2.1510224E+01   5.3400658E-01   3.9766015E-03  -3.8924140E-03   1.5142423E-01   3.8546093E-02   3.9083999E-04   4.1755832E-04   1.1147066E-05
   2.2007160E+01   5.3400509E-01   3.9758458E-03  -3.8883387E-03   1.5142647E-01   3.8785962E-02   3.9187714E-04   4.1967143E-04   1.1398534E-05
   2.2504095E+01   5.3400360E-01   3.9751129E-03  -3.8842514E-03   1.5142870E-01   3.9021450E-02   3.9298901E-04   4.2182403E-04   1.1646357E-05
   2.3001031E+01   5.3400210E-01   3.9743981E-03  -3.8801566E-03   1.5143091E-01   3.9252497E-02   3.9417361E-04   4.2401530E-04   1.1890678E-05
   2.3512165E+01   5.3400056E-01   3.9736770E-03  -3.8759411E-03   1.5143317E-01   3.9485468E-02   3.9546563E-04   4.2630851E-04   1.2138502E-05
   2.4009101E+01   5.3399907E-01   3.9729853E-03  -3.8718433E-03   1.5143536E-01   3.9707397E-02   3.9679082E-04   4.2857516E-04   1.2376262E-05
   2.4506037E+01   5.3399759E-01   3.9722985E-03  -3.8677497E-03   1.5143752E-01   3.9924816E-02   3.9818153E-04   4.3087721E-04   1.2611096E-05
   2.5002973E+01   5.3399613E-01   3.9716127E-03  -3.8636640E-03   1.5143967E-01   4.0137734E-02   3.9963505E-04   4.3321340E-04   1.2843228E-05
   2.5514107E+01   5.3399465E-01   3.9709043E-03  -3.8594731E-03   1.5144186E-01   4.0352067E-02   4.0119272E-04   4.3565051E-04   1.3079412E-05
   2.6011043E+01   5.3399323E-01   3.9702088E-03  -3.8554131E-03   1.5144397E-01   4.0555944E-02   4.0276509E-04   4.3805172E-04   1.3306767E-05
   2.6507979E+01   5.3399184E-01   3.9695031E-03  -3.8513703E-03   1.5144606E-01   4.0755432E-02   4.0439170E-04   4.4048279E-04   1.3532119E-05
   2.7004915E+01   5.3399048E-01   3.9687837E-03  -3.8473473E-03   1.5144814E-01   4.0950589E-02   4.0606968E-04   4.4294224E-04   1.3755698E-05
   2.7501850E+01   5.3398916E-01   3.9680475E-03  -3.8433466E-03   1.5145020E-01   4.1141481E-02   4.0779614E-04   4.4542858E-04   1.3977728E-05
   2.8012984E+01   5.3398784E-01   3.9672695E-03  -3.8392571E-03   1.5145230E-01   4.1333458E-02   4.0961952E-04   4.4801240E-04   1.4204717E-05
   2.8509920E+01   5.3398659E-01   3.9664897E-03  -3.8353082E-03   1.5145433E-01   4.1515936E-02   4.1143564E-04   4.5054862E-04   1.4424270E-05
   2.9006856E+01   5.3398539E-01   3.9656843E-03  -3.8313877E-03   1.5145634E-01   4.1694393E-02   4.1329178E-04   4.5310717E-04   1.4642912E-05
   2.9503792E+01   5.3398423E-01   3.9648505E-03  -3.8274974E-03   1.5145833E-01   4.1868920E-02   4.1518526E-04   4.5568658E-04   1.4860837E-05
   3.0000728E+01   5.3398311E-01   3.9639859E-03  -3.8236385E-03   1.5146031E-01   4.2039610E-02   4.1711349E-04   4.5828541E-04   1.5078228E-05
   3.0511862E+01   5.3398202E-01   3.9630622E-03  -3.8197037E-03   1.5146233E-01   4.2211276E-02   4.1913044E-04   4.6097728E-04   1.5301457E-05
   3.1008798E+01   5.3398101E-01   3.9621286E-03  -3.8159127E-03   1.5146427E-01   4.2374482E-02   4.2112158E-04   4.6361123E-04   1.5518294E-05
   3.1505734E+01   5.3398005E-01   3.9611578E-03  -3.8121567E-03   1.5146620E-01   4.2534150E-02   4.2314019E-04   4.6626049E-04   1.5735100E-05
   3.2002669E+01   5.3397914E-01   3.9601482E-03  -3.8084366E-03   1.5146812E-01   4.2690380E-02   4.2518407E-04   4.6892377E-04   1.5952027E-05
   3.2513804E+01   5.3397827E-01   3.9590678E-03  -3.8046483E-03   1.5147007E-01   4.2847593E-02   4.2731049E-04   4.7167650E-04   1.6175428E-05
   3.3010739E+01   5.3397747E-01   3.9579749E-03  -3.8010029E-03   1.5147196E-01   4.2997158E-02   4.2939928E-04   4.7436456E-04   1.6393033E-05
   3.3507675E+01   5.3397673E-01   3.9568392E-03  -3.7973950E-03   1.5147383E-01   4.3143591E-02   4.3150730E-04   4.7706313E-04   1.6611177E-05
   3.4004611E+01   5.3397605E-01   3.9556595E-03  -3.7938251E-03   1.5147569E-01   4.3286991E-02   4.3363277E-04   4.7977116E-04   1.6829988E-05
   3.4501547E+01   5.3397543E-01   3.9544350E-03  -3.7902933E-03   1.5147754E-01   4.3427455E-02   4.3577403E-04   4.8248764E-04   1.7049592E-05
   3.5012681E+01   5.3397485E-01   3.9531280E-03  -3.7867006E-03   1.5147943E-01   4.3568973E-02   4.3799127E-04   4.8528959E-04   1.7276427E-05
   3.5509617E+01   5.3397434E-01   3.9518108E-03  -3.7832466E-03   1.5148125E-01   4.3703779E-02   4.4015982E-04   4.8802042E-04   1.7498017E-05
   3.6006553E+01   5.3397389E-01   3.9504472E-03  -3.7798309E-03   1.5148306E-01   4.3835939E-02   4.4233971E-04   4.9075705E-04   1.7720771E-05
   3.6503489E+01   5.3397350E-01   3.9490372E-03  -3.7764535E-03   1.5148487E-01   4.3965544E-02   4.4452966E-04   4.9349872E-04   1.7944809E-05
   3.7000424E+01   5.3397316E-01   3.9475807E-03  -3.7731142E-03   1.5148666E-01   4.4092683E-02   4.4672849E-04   4.9624470E-04   1.8170251E-05
   3.7511558E+01   5.3397288E-01   3.9460343E-03  -3.7697191E-03   1.5148849E-01   4.4220975E-02   4.4899827E-04   4.9907296E-04   1.8403728E-05
   3.8008494E+01   5.3397266E-01   3.9444840E-03  -3.7664564E-03   1.5149026E-01   4.4343380E-02   4.5121189E-04   5.0182574E-04   1.8632389E-05
   3.8505430E+01   5.3397249E-01   3.9428882E-03  -3.7632310E-03   1.5149202E-01   4.4463577E-02   4.5343136E-04   5.0458101E-04   1.8862815E-05
   3.9002366E+01   5.3397238E-01   3.9412472E-03  -3.7600426E-03   1.5149377E-01   4.4581648E-02   4.5565588E-04   5.0733827E-04   1.9095125E-05
   3.9513500E+01   5.3397231E-01   3.9395131E-03  -3.7568013E-03   1.5149557E-01   4.4700957E-02   4.5794841E-04   5.1017590E-04   1.9336156E-05
   4.0010436E+01   5.3397231E-01   3.9377828E-03  -3.7536867E-03   1.5149730E-01   4.4814953E-02   4.6018091E-04   5.1293584E-04   1.9572629E-05
   4.0507372E+01   5.3397235E-01   3.9360099E-03  -3.7506079E-03   1.5149903E-01   4.4927052E-02   4.6241641E-04   5.1569653E-04   1.9811308E-05
   4.1004308E+01   5.3397244E-01   3.9341954E-03  -3.7475643E-03   1.5150075E-01   4.5037325E-02   4.6465439E-04   5.1845765E-04   2.0052283E-05
   4.1507367E+01   5.3397258E-01   3.9323171E-03  -3.7445186E-03   1.5150249E-01   4.5147167E-02   4.6692199E-04   5.2125293E-04   2.0298647E-05
   4.2008477E+01   5.3397277E-01   3.9304060E-03  -3.7415197E-03   1.5150421E-01   4.5254860E-02   4.6918245E-04   5.2403727E-04   2.0546541E-05
   4.2509587E+01   5.3397300E-01   3.9284561E-03  -3.7385552E-03   1.5150592E-01   4.5360898E-02   4.7144421E-04   5.2682127E-04   2.0796958E-05
   4.3010697E+01   5.3397328E-01   3.9264688E-03  -3.7356244E-03   1.5150763E-01   4.5465342E-02   4.7370698E-04   5.2960476E-04   2.1049918E-05
   4.3511808E+01   5.3397359E-01   3.9244455E-03  -3.7327270E-03   1.5150934E-01   4.5568250E-02   4.7597056E-04   5.3238756E-04   2.1305407E-05
   4.4012918E+01   5.3397395E-01   3.9223878E-03  -3.7298623E-03   1.5151104E-01   4.5669678E-02   4.7823475E-04   5.3516952E-04   2.1563378E-05
   4.4500108E+01   5.3397434E-01   3.9203556E-03  -3.7271080E-03   1.5151268E-01   4.5766918E-02   4.8043651E-04   5.3787330E-04   2.1816487E-05
   4.5001218E+01   5.3397477E-01   3.9182342E-03  -3.7243063E-03   1.5151437E-01   4.5865575E-02   4.8270158E-04   5.4065326E-04   2.2079082E-05
   4.5502329E+01   5.3397523E-01   3.9160830E-03  -3.7215357E-03   1.5151606E-01   4.5962896E-02   4.8496698E-04   5.4343203E-04   2.2343795E-05
   4.6003439E+01   5.3397573E-01   3.9139035E-03  -3.7187956E-03   1.5151774E-01   4.6058922E-02   4.8723270E-04   5.4620951E-04   2.2610395E-05
   4.6504549E+01   5.3397626E-01   3.9116973E-03  -3.7160855E-03   1.5151942E-01   4.6153690E-02   4.8949871E-04   5.4898556E-04   2.2878594E-05
   4.7005659E+01   5.3397682E-01   3.9094660E-03  -3.7134048E-03   1.5152109E-01   4.6247235E-02   4.9176502E-04   5.5176005E-04   2.3148055E-05
   4.7506769E+01   5.3397740E-01   3.9072111E-03  -3.7107530E-03   1.5152276E-01   4.6339586E-02   4.9403163E-04   5.5453282E-04   2.3418384E-05
   4.8007880E+01   5.3397801E-01   3.9049344E-03  -3.7081295E-03   1.5152442E-01   4.6430770E-02   4.9629851E-04   5.5730368E-04   2.3689118E-05
   4.8508990E+01   5.3397865E-01   3.9026372E-03  -3.7055338E-03   1.5152609E-01   4.6520807E-02   4.9856565E-04   5.6007239E-04   2.3959730E-05
   4.9010100E+01   5.3397931E-01   3.9003212E-03  -3.7029652E-03   1.5152775E-01   4.6609716E-02   5.0083297E-04   5.6283867E-04   2.4229622E-05
   4.9511210E+01   5.3397999E-01   3.8979878E-03  -3.7004233E-03   1.5152940E-01   4.6697509E-02   5.0310037E-04   5.6560220E-04   2.4498136E-05
   5.0012320E+01   5.3398069E-01   3.8956385E-03  -3.6979074E-03   1.5153106E-01   4.6784196E-02   5.0536768E-04   5.6836258E-04   2.4764577E-05
   5.0513430E+01   5.3398141E-01   3.8932748E-03  -3.6954170E-03   1.5153271E-01   4.6869785E-02   5.0763466E-04   5.7111934E-04   2.5028226E-05
   5.1000621E+01   5.3398212E-01   3.8909640E-03  -3.6930196E-03   1.5153431E-01   4.6951946E-02   5.0983804E-04   5.7379554E-04   2.5281150E-05
   5.1501731E+01   5.3398287E-01   3.8885756E-03  -3.6905777E-03   1.5153595E-01   4.7035373E-02   5.1210332E-04   5.7654350E-04   2.5537014E-05
   5.2002841E+01   5.3398364E-01   3.8861767E-03  -3.6881596E-03   1.5153759E-01   4.7117703E-02   5.1436700E-04   5.7928601E-04   2.5787737E-05
   5.2503951E+01   5.3398442E-01   3.8837684E-03  -3.6857647E-03   1.5153922E-01   4.7198930E-02   5.1662843E-04   5.8202228E-04   2.6032568E-05
   5.3005062E+01   5.3398521E-01   3.8813521E-03  -3.6833924E-03   1.5154086E-01   4.7279052E-02   5.1888683E-04   5.8475143E-04   2.6270819E-05
   5.3506172E+01   5.3398601E-01   3.8789289E-03  -3.6810422E-03   1.5154249E-01   4.7358064E-02   5.2114127E-04   5.8747254E-04   2.6501880E-05
   5.4007282E+01   5.3398683E-01   3.8764999E-03  -3.6787135E-03   1.5154411E-01   4.7435964E-02   5.2339068E-04   5.9018459E-04   2.6725259E-05
   5.4504569E+01   5.3398764E-01   3.8740848E-03  -3.6764232E-03   1.5154572E-01   4.7512171E-02   5.2561676E-04   5.9286594E-04   2.6938995E-05
   5.5009496E+01   5.3398848E-01   3.8716292E-03  -3.6741182E-03   1.5154735E-01   4.7588433E-02   5.2786938E-04   5.9557718E-04   2.7147770E-05
   5.5500777E+01   5.3398930E-01   3.8692377E-03  -3.6718949E-03   1.5154893E-01   4.7661565E-02   5.3005229E-04   5.9820311E-04   2.7343051E-05
   5.6005704E+01   5.3399014E-01   3.8667786E-03  -3.6696293E-03   1.5155055E-01   4.7735649E-02   5.3228511E-04   6.0088849E-04   2.7536151E-05
   5.6510631E+01   5.3399099E-01   3.8643196E-03  -3.6673828E-03   1.5155216E-01   4.7808669E-02   5.3450530E-04   6.0355911E-04   2.7722357E-05
   5.7001911E+01   5.3399182E-01   3.8619285E-03  -3.6652150E-03   1.5155373E-01   4.7878734E-02   5.3665162E-04   6.0614244E-04   2.7898081E-05
   5.7506838E+01   5.3399267E-01   3.8594738E-03  -3.6630051E-03   1.5155533E-01   4.7949793E-02   5.3884144E-04   6.0878111E-04   2.8074777E-05
   5.8011765E+01   5.3399352E-01   3.8570235E-03  -3.6608132E-03   1.5155694E-01   4.8019961E-02   5.4101301E-04   6.1140242E-04   2.8249805E-05
   5.8503046E+01   5.3399434E-01   3.8546453E-03  -3.6586975E-03   1.5155850E-01   4.8087467E-02   5.4310658E-04   6.1393575E-04   2.8421286E-05
   5.9007973E+01   5.3399517E-01   3.8522089E-03  -3.6565404E-03   1.5156009E-01   4.8156177E-02   5.4523669E-04   6.1652168E-04   2.8602263E-05
   5.9512900E+01   5.3399599E-01   3.8497824E-03  -3.6544007E-03   1.5156169E-01   4.8224349E-02   5.4734320E-04   6.1908976E-04   2.8792353E-05
   6.0004180E+01   5.3399677E-01   3.8474334E-03  -3.6523355E-03   1.5156325E-01   4.8290326E-02   5.4936874E-04   6.2157187E-04   2.8990960E-05
   6.0509107E+01   5.3399755E-01   3.8450338E-03  -3.6502302E-03   1.5156484E-01   4.8357970E-02   5.5142468E-04   6.2410697E-04   2.9214990E-05
   6.1000387E+01   5.3399829E-01   3.8427159E-03  -3.6481989E-03   1.5156640E-01   4.8423845E-02   5.5339915E-04   6.2655961E-04   2.9458780E-05
   6.1505314E+01   5.3399901E-01   3.8403543E-03  -3.6461289E-03   1.5156801E-01   4.8491872E-02   5.5540145E-04   6.2906830E-04   2.9743361E-05
   6.2010241E+01   5.3399969E-01   3.8380170E-03  -3.6440776E-03   1.5156962E-01   4.8560528E-02   5.5737651E-04   6.3156777E-04   3.0070939E-05
   6.2501522E+01   5.3400031E-01   3.8357699E-03  -3.6421002E-03   1.5157120E-01   4.8628257E-02   5.5927278E-04   6.3399450E-04   3.0440111E-05
   6.3006449E+01   5.3400089E-01   3.8334924E-03  -3.6400877E-03   1.5157284E-01   4.8699196E-02   5.6119709E-04   6.3648790E-04   3.0881783E-05
   6.3511376E+01   5.3400141E-01   3.8312521E-03  -3.6380964E-03   1.5157449E-01   4.8771902E-02   5.6309878E-04   6.3898613E-04   3.1397852E-05
   6.4002656E+01   5.3400185E-01   3.8291129E-03  -3.6361805E-03   1.5157612E-01   4.8844773E-02   5.6493055E-04   6.4142781E-04   3.1982841E-05
   6.4507583E+01   5.3400221E-01   3.8269615E-03  -3.6342348E-03   1.5157782E-01   4.8922344E-02   5.6679853E-04   6.4395618E-04   3.2681717E-05
   6.5012510E+01   5.3400248E-01   3.8248639E-03  -3.6323146E-03   1.5157955E-01   4.9003162E-02   5.6865722E-04   6.4651249E-04   3.3493149E-05
   6.5503790E+01   5.3400265E-01   3.8228808E-03  -3.6304727E-03   1.5158126E-01   4.9085469E-02   5.7046337E-04   6.4903615E-04   3.4404691E-05
   6.6008717E+01   5.3400270E-01   3.8209089E-03  -3.6286087E-03   1.5158307E-01   4.9174450E-02   5.7232568E-04   6.5167856E-04   3.5482025E-05
   6.6513645E+01   5.3400261E-01   3.8190114E-03  -3.6267767E-03   1.5158491E-01   4.9268533E-02   5.7420433E-04   6.5438310E-04   3.6717027E-05
   6.7004925E+01   5.3400239E-01   3.8172441E-03  -3.6250275E-03   1.5158676E-01   4.9365622E-02   5.7605968E-04   6.5708795E-04   3.8084473E-05
   6.7509852E+01   5.3400201E-01   3.8155167E-03  -3.6232668E-03   1.5158872E-01   4.9471821E-02   5.7800906E-04   6.5995915E-04   3.9675758E-05
   6.8001132E+01   5.3400146E-01   3.8139305E-03  -3.6215929E-03   1.5159069E-01   4.9582124E-02   5.7996308E-04   6.6285844E-04   4.1420878E-05
   6.8506059E+01   5.3400072E-01   3.8124059E-03  -3.6199163E-03   1.5159279E-01   4.9703468E-02   5.8204964E-04   6.6596649E-04   4.3433953E-05
   6.9010986E+01   5.3399976E-01   3.8109971E-03  -3.6182881E-03   1.5159497E-01   4.9833753E-02   5.8423841E-04   6.6922678E-04   4.5686338E-05
   6.9502267E+01   5.3399862E-01   3.8097460E-03  -3.6167545E-03   1.5159719E-01   4.9969933E-02   5.8649177E-04   6.7256896E-04   4.8122594E-05
   7.0007194E+01   5.3399721E-01   3.8085918E-03  -3.6152348E-03   1.5159956E-01   5.0120459E-02   5.8896548E-04   6.7620609E-04   5.0892851E-05
   7.0512121E+01   5.3399554E-01   3.8075797E-03  -3.6137777E-03   1.5160205E-01   5.0282654E-02   5.9163476E-04   6.8007912E-04   5.3948896E-05
   7.1003401E+01   5.3399366E-01   3.8067390E-03  -3.6124252E-03   1.5160459E-01   5.0452663E-02   5.9445867E-04   6.8410731E-04   5.7213166E-05
   7.1508328E+01   5.3399144E-01   3.8060307E-03  -3.6111081E-03   1.5160733E-01   5.0641012E-02   5.9764011E-04   6.8855324E-04   6.0883529E-05
   7.2013255E+01   5.3398892E-01   3.8054870E-03  -3.6098715E-03   1.5161022E-01   5.0844281E-02   6.0115821E-04   6.9335361E-04   6.4887480E-05
   7.2504535E+01   5.3398616E-01   3.8051216E-03  -3.6087525E-03   1.5161319E-01   5.1057470E-02   6.0496346E-04   6.9841223E-04   6.9113885E-05
   7.3009462E+01   5.3398300E-01   3.8049186E-03  -3.6076964E-03   1.5161642E-01   5.1293613E-02   6.0933617E-04   7.0406499E-04   7.3808476E-05
   7.3500743E+01   5.3397960E-01   3.8048917E-03  -3.6067681E-03   1.5161975E-01   5.1541222E-02   6.1411457E-04   7.1006555E-04   7.8730211E-05
   7.4005670E+01   5.3397576E-01   3.8050401E-03  -3.6059246E-03   1.5162338E-01   5.1815511E-02   6.1965048E-04   7.1681621E-04   8.4165929E-05
   7.4510597E+01   5.3397155E-01   3.8053654E-03  -3.6052026E-03   1.5162724E-01   5.2111431E-02   6.2591710E-04   7.2423639E-04   8.9994925E-05
   7.5001877E+01   5.3396711E-01   3.8058478E-03  -3.6046266E-03   1.5163125E-01   5.2421639E-02   6.3281933E-04   7.3218132E-04   9.6050478E-05
   7.5506804E+01   5.3396217E-01   3.8065071E-03  -3.6041750E-03   1.5163564E-01   5.2765022E-02   6.4085776E-04   7.4118524E-04   1.0267373E-04
   7.6011731E+01   5.3395685E-01   3.8073215E-03  -3.6038768E-03   1.5164033E-01   5.3135175E-02   6.4998143E-04   7.5114068E-04   1.0971085E-04
   7.6503011E+01   5.3395130E-01   3.8082495E-03  -3.6037449E-03   1.5164521E-01   5.3523044E-02   6.6002892E-04   7.6184482E-04   1.1697053E-04
   7.7007939E+01   5.3394521E-01   3.8093256E-03  -3.6037835E-03   1.5165059E-01   5.3952394E-02   6.7169539E-04   7.7400635E-04   1.2487494E-04
   7.7512866E+01   5.3393872E-01   3.8105052E-03  -3.6040102E-03   1.5165637E-01   5.4415129E-02   6.8486185E-04   7.8746429E-04   1.3324603E-04
   7.8004146E+01   5.3393200E-01   3.8117302E-03  -3.6044220E-03   1.5166240E-01   5.4899463E-02   6.9924687E-04   8.0191947E-04   1.4185702E-04
   7.8509073E+01   5.3392469E-01   3.8130443E-03  -3.6050514E-03   1.5166907E-01   5.5434280E-02   7.1577995E-04   8.1829174E-04   1.5121592E-04
   7.9000353E+01   5.3391716E-01   3.8143525E-03  -3.6058715E-03   1.5167604E-01   5.5992406E-02   7.3367778E-04   8.3580353E-04   1.6085966E-04
   7.9505280E+01   5.3390897E-01   3.8157040E-03  -3.6069316E-03   1.5168373E-01   5.6606195E-02   7.5402376E-04   8.5553178E-04   1.7137501E-04
   8.0010207E+01   5.3390029E-01   3.8170426E-03  -3.6082114E-03   1.5169199E-01   5.7261090E-02   7.7640072E-04   8.7710757E-04   1.8255060E-04
   8.0501488E+01   5.3389138E-01   3.8183203E-03  -3.6096599E-03   1.5170058E-01   5.7936663E-02   8.0012793E-04   8.9994767E-04   1.9409089E-04
   8.1006415E+01   5.3388171E-01   3.8196046E-03  -3.6113414E-03   1.5170998E-01   5.8667415E-02   8.2647025E-04   9.2537663E-04   2.0664369E-04
   8.1511342E+01   5.3387153E-01   3.8208683E-03  -3.6131899E-03   1.5171993E-01   5.9429791E-02   8.5466351E-04   9.5281807E-04   2.1986122E-04
   8.2002622E+01   5.3386113E-01   3.8221002E-03  -3.6151087E-03   1.5173008E-01   6.0194383E-02   8.8365062E-04   9.8144999E-04   2.3325184E-04
   8.2507549E+01   5.3384997E-01   3.8234058E-03  -3.6171494E-03   1.5174091E-01   6.0992911E-02   9.1470037E-04   1.0128251E-03   2.4732403E-04
   8.3012476E+01   5.3383839E-01   3.8248023E-03  -3.6191901E-03   1.5175200E-01   6.1789952E-02   9.4654872E-04   1.0460809E-03   2.6129669E-04
   8.3503756E+01   5.3382684E-01   3.8263045E-03  -3.6210990E-03   1.5176285E-01   6.2546795E-02   9.7771497E-04   1.0800707E-03   2.7419824E-04
   8.4008683E+01   5.3381486E-01   3.8280523E-03  -3.6228999E-03   1.5177384E-01   6.3284779E-02   1.0092010E-03   1.1163800E-03   2.8591053E-04
   8.4513610E+01   5.3380304E-01   3.8300501E-03  -3.6244634E-03   1.5178437E-01   6.3959898E-02   1.0393106E-03   1.1536100E-03   2.9501356E-04
   8.5004891E+01   5.3379198E-01   3.8322511E-03  -3.6257125E-03   1.5179389E-01   6.4536040E-02   1.0664973E-03   1.1900773E-03   3.0029002E-04
   8.5509818E+01   5.3378141E-01   3.8347642E-03  -3.6267220E-03   1.5180269E-01   6.5029682E-02   1.0915921E-03   1.2269585E-03   3.0111539E-04
   8.6001098E+01   5.3377212E-01   3.8374175E-03  -3.6275131E-03   1.5181018E-01   6.5410454E-02   1.1128555E-03   1.2613141E-03   2.9715603E-04
   8.6506025E+01   5.3376350E-01   3.8403261E-03  -3.6282940E-03   1.5181688E-01   6.5715256E-02   1.1314690E-03   1.2940724E-03   2.8902548E-04
   8.7010952E+01   5.3375525E-01   3.8434417E-03  -3.6292863E-03   1.5182302E-01   6.5974653E-02   1.1471940E-03   1.3234332E-03   2.7918957E-04
   8.7502232E+01   5.3374643E-01   3.8467990E-03  -3.6307247E-03   1.5182914E-01   6.6247899E-02   1.1603176E-03   1.3482864E-03   2.7168097E-04
   8.8007160E+01   5.3373510E-01   3.8508485E-03  -3.6329503E-03   1.5183646E-01   6.6627951E-02   1.1722175E-03   1.3699348E-03   2.7034055E-04
   8.8512087E+01   5.3372023E-01   3.8558725E-03  -3.6361417E-03   1.5184556E-01   6.7177942E-02   1.1832715E-03   1.3878615E-03   2.7863829E-04
   8.9003367E+01   5.3370192E-01   3.8620619E-03  -3.6403110E-03   1.5185654E-01   6.7917349E-02   1.1944696E-03   1.4021314E-03   2.9679926E-04
   8.9508294E+01   5.3367965E-01   3.8700548E-03  -3.6457614E-03   1.5187018E-01   6.8901000E-02   1.2086784E-03   1.4142430E-03   3.2466115E-04
   9.0013221E+01   5.3365490E-01   3.8798321E-03  -3.6523725E-03   1.5188635E-01   7.0111940E-02   1.2286565E-03   1.4251557E-03   3.6008992E-04
   9.0501664E+01   5.3362940E-01   3.8908460E-03  -3.6597446E-03   1.5190493E-01   7.1519009E-02   1.2562290E-03   1.4366363E-03   4.0090854E-04
   9.1003613E+01   5.3360118E-01   3.9032078E-03  -3.6680902E-03   1.5192846E-01   7.3297929E-02   1.2948499E-03   1.4517101E-03   4.5124365E-04
   9.1506273E+01   5.3356755E-01   3.9156856E-03  -3.6769090E-03   1.5195963E-01   7.5651096E-02   1.3447188E-03   1.4722048E-03   5.1524805E-04
   9.2005628E+01   5.3352062E-01   3.9271440E-03  -3.6856784E-03   1.5200365E-01   7.8991009E-02   1.4059842E-03   1.5007615E-03   6.0023147E-04
   9.2503940E+01   5.3344725E-01   3.9371903E-03  -3.6937832E-03   1.5206895E-01   8.3945304E-02   1.4807688E-03   1.5456954E-03   7.0333598E-04
