  va  ,temp,mach,urms,us,uc,zpls,zmin
   1.0000000E+00   0.0000000E+00   2.5203264E+00   9.3899644E-02   8.9099317E-02   2.9638738E-02   2.9638738E-02   1.8064664E-01
   1.0000000E+00   5.1113403E-01   2.5203236E+00   9.3916559E-02   8.9117023E-02   2.9639101E-02   2.9656005E-02   1.8062444E-01
   1.0000000E+00   1.0080699E+00   2.5203311E+00   9.3966238E-02   8.9169043E-02   2.9640100E-02   2.9698840E-02   1.8058262E-01
   1.0000000E+00   1.5050058E+00   2.5203432E+00   9.4031449E-02   8.9237534E-02   2.9640784E-02   2.9750257E-02   1.8053081E-01
   1.0000000E+00   2.0019416E+00   2.5203537E+00   9.4091643E-02   8.9301315E-02   2.9639710E-02   2.9792629E-02   1.8048010E-01
   1.0000000E+00   2.5130756E+00   2.5203572E+00   9.4130240E-02   8.9343483E-02   2.9635182E-02   2.9815129E-02   1.8043774E-01
   1.0000000E+00   3.0100115E+00   2.5203507E+00   9.4135127E-02   8.9351550E-02   2.9626386E-02   2.9814051E-02   1.8040952E-01
   1.0000000E+00   3.5069474E+00   2.5203340E+00   9.4106145E-02   8.9325453E-02   2.9613003E-02   2.9794598E-02   1.8039307E-01
   1.0000000E+00   4.0038832E+00   2.5203089E+00   9.4047860E-02   8.9269839E-02   2.9595537E-02   2.9764028E-02   1.8038465E-01
   1.0000000E+00   4.5008191E+00   2.5202778E+00   9.3968285E-02   8.9192832E-02   2.9574942E-02   2.9729588E-02   1.8037968E-01
   1.0000000E+00   5.0119531E+00   2.5202424E+00   9.3873606E-02   8.9100820E-02   2.9551613E-02   2.9695915E-02   1.8037379E-01
   1.0000000E+00   5.5088890E+00   2.5202070E+00   9.3777275E-02   8.9007238E-02   2.9527765E-02   2.9668194E-02   1.8036416E-01
   1.0000000E+00   6.0058248E+00   2.5201725E+00   9.3682924E-02   8.8915918E-02   2.9503385E-02   2.9646668E-02   1.8034880E-01
   1.0000000E+00   6.5027607E+00   2.5201399E+00   9.3594587E-02   8.8831001E-02   2.9478807E-02   2.9631165E-02   1.8032690E-01
   1.0000000E+00   7.0138947E+00   2.5201089E+00   9.3512230E-02   8.8752643E-02   2.9453446E-02   2.9620496E-02   1.8029746E-01
   1.0000000E+00   7.5108306E+00   2.5200813E+00   9.3441042E-02   8.8685842E-02   2.9428721E-02   2.9613976E-02   1.8026254E-01
   1.0000000E+00   8.0077665E+00   2.5200561E+00   9.3378145E-02   8.8627807E-02   2.9403906E-02   2.9610031E-02   1.8022204E-01
   1.0000000E+00   8.5047023E+00   2.5200328E+00   9.3322435E-02   8.8577371E-02   2.9379010E-02   2.9607663E-02   1.8017664E-01
   1.0000000E+00   9.0016382E+00   2.5200112E+00   9.3272495E-02   8.8533016E-02   2.9354102E-02   2.9606162E-02   1.8012702E-01
   1.0000000E+00   9.5127722E+00   2.5199902E+00   9.3225573E-02   8.8492031E-02   2.9328619E-02   2.9605070E-02   1.8007218E-01
   1.0000000E+00   1.0009708E+01   2.5199706E+00   9.3182826E-02   8.8455095E-02   2.9304185E-02   2.9604265E-02   1.8001569E-01
   1.0000000E+00   1.0506644E+01   2.5199515E+00   9.3141647E-02   8.8419613E-02   2.9280345E-02   2.9603724E-02   1.7995645E-01
   1.0000000E+00   1.1003580E+01   2.5199326E+00   9.3100990E-02   8.8384388E-02   2.9257381E-02   2.9603595E-02   1.7989478E-01
   1.0000000E+00   1.1500516E+01   2.5199138E+00   9.3060019E-02   8.8348443E-02   2.9235589E-02   2.9604108E-02   1.7983092E-01
   1.0000000E+00   1.2011650E+01   2.5198942E+00   9.3016880E-02   8.8309914E-02   2.9214705E-02   2.9605594E-02   1.7976314E-01
   1.0000000E+00   1.2508586E+01   2.5198751E+00   9.2973499E-02   8.8270354E-02   2.9196166E-02   2.9608260E-02   1.7969536E-01
   1.0000000E+00   1.3005521E+01   2.5198556E+00   9.2928385E-02   8.8228309E-02   2.9179618E-02   2.9612400E-02   1.7962585E-01
   1.0000000E+00   1.3502457E+01   2.5198358E+00   9.2881347E-02   8.8183511E-02   2.9165273E-02   2.9618256E-02   1.7955471E-01
   1.0000000E+00   1.4013591E+01   2.5198151E+00   9.2830861E-02   8.8134393E-02   2.9153002E-02   2.9626282E-02   1.7947993E-01
   1.0000000E+00   1.4510527E+01   2.5197946E+00   9.2779710E-02   8.8083617E-02   2.9143629E-02   2.9636194E-02   1.7940575E-01
   1.0000000E+00   1.5007463E+01   2.5197738E+00   9.2726556E-02   8.8029861E-02   2.9136879E-02   2.9648303E-02   1.7933019E-01
   1.0000000E+00   1.5504399E+01   2.5197527E+00   9.2671472E-02   8.7973181E-02   2.9132819E-02   2.9662684E-02   1.7925335E-01
   1.0000000E+00   1.6001335E+01   2.5197313E+00   9.2614559E-02   8.7913670E-02   2.9131481E-02   2.9679371E-02   1.7917531E-01
   1.0000000E+00   1.6512469E+01   2.5197091E+00   9.2554239E-02   8.7849635E-02   2.9132950E-02   2.9698941E-02   1.7909386E-01
   1.0000000E+00   1.7009405E+01   2.5196872E+00   9.2493995E-02   8.7784778E-02   2.9137121E-02   2.9720277E-02   1.7901362E-01
   1.0000000E+00   1.7506341E+01   2.5196652E+00   9.2432314E-02   8.7717517E-02   2.9143951E-02   2.9743833E-02   1.7893244E-01
   1.0000000E+00   1.8003276E+01   2.5196431E+00   9.2369335E-02   8.7648016E-02   2.9153375E-02   2.9769532E-02   1.7885039E-01
   1.0000000E+00   1.8500212E+01   2.5196209E+00   9.2305196E-02   8.7576446E-02   2.9165311E-02   2.9797278E-02   1.7876758E-01
   1.0000000E+00   1.9011346E+01   2.5195979E+00   9.2238161E-02   8.7500854E-02   2.9180110E-02   2.9827839E-02   1.7868169E-01
   1.0000000E+00   1.9508282E+01   2.5195756E+00   9.2172091E-02   8.7425618E-02   2.9196842E-02   2.9859394E-02   1.7859759E-01
   1.0000000E+00   2.0005218E+01   2.5195532E+00   9.2105267E-02   8.7348836E-02   2.9215770E-02   2.9892639E-02   1.7851299E-01
   1.0000000E+00   2.0502154E+01   2.5195308E+00   9.2037817E-02   8.7270676E-02   2.9236773E-02   2.9927444E-02   1.7842798E-01
   1.0000000E+00   2.1013288E+01   2.5195079E+00   9.1967913E-02   8.7189021E-02   2.9260410E-02   2.9964728E-02   1.7834019E-01
   1.0000000E+00   2.1510224E+01   2.5194856E+00   9.1899558E-02   8.7108574E-02   2.9285238E-02   3.0002283E-02   1.7825460E-01
   1.0000000E+00   2.2007160E+01   2.5194635E+00   9.1830931E-02   8.7027241E-02   2.9311758E-02   3.0040991E-02   1.7816885E-01
   1.0000000E+00   2.2504095E+01   2.5194414E+00   9.1762137E-02   8.6945175E-02   2.9339842E-02   3.0080722E-02   1.7808301E-01
   1.0000000E+00   2.3001031E+01   2.5194195E+00   9.1693280E-02   8.6862524E-02   2.9369362E-02   3.0121347E-02   1.7799716E-01
   1.0000000E+00   2.3512165E+01   2.5193970E+00   9.1622493E-02   8.6777053E-02   2.9401093E-02   3.0163936E-02   1.7790892E-01
   1.0000000E+00   2.4009101E+01   2.5193754E+00   9.1553806E-02   8.6693651E-02   2.9433147E-02   3.0206002E-02   1.7782326E-01
   1.0000000E+00   2.4506037E+01   2.5193539E+00   9.1485339E-02   8.6610082E-02   2.9466268E-02   3.0248602E-02   1.7773780E-01
   1.0000000E+00   2.5002973E+01   2.5193326E+00   9.1417178E-02   8.6526472E-02   2.9500341E-02   3.0291631E-02   1.7765260E-01
   1.0000000E+00   2.5514107E+01   2.5193109E+00   9.1347473E-02   8.6440557E-02   2.9536266E-02   3.0336229E-02   1.7756528E-01
   1.0000000E+00   2.6011043E+01   2.5192900E+00   9.1280176E-02   8.6357229E-02   2.9571939E-02   3.0379821E-02   1.7748076E-01
   1.0000000E+00   2.6507979E+01   2.5192693E+00   9.1213416E-02   8.6274209E-02   2.9608245E-02   3.0423553E-02   1.7739665E-01
   1.0000000E+00   2.7004915E+01   2.5192488E+00   9.1147260E-02   8.6191599E-02   2.9645089E-02   3.0467342E-02   1.7731300E-01
   1.0000000E+00   2.7501850E+01   2.5192285E+00   9.1081773E-02   8.6109498E-02   2.9682381E-02   3.0511111E-02   1.7722984E-01
   1.0000000E+00   2.8012984E+01   2.5192079E+00   9.1015175E-02   8.6025678E-02   2.9721117E-02   3.0556036E-02   1.7714487E-01
   1.0000000E+00   2.8509920E+01   2.5191881E+00   9.0951222E-02   8.5944883E-02   2.9759063E-02   3.0599555E-02   1.7706285E-01
   1.0000000E+00   2.9006856E+01   2.5191686E+00   9.0888104E-02   8.5864855E-02   2.9797217E-02   3.0642859E-02   1.7698142E-01
   1.0000000E+00   2.9503792E+01   2.5191492E+00   9.0825869E-02   8.5785669E-02   2.9835508E-02   3.0685894E-02   1.7690062E-01
   1.0000000E+00   3.0000728E+01   2.5191302E+00   9.0764561E-02   8.5707393E-02   2.9873873E-02   3.0728613E-02   1.7682048E-01
   1.0000000E+00   3.0511862E+01   2.5191108E+00   9.0702508E-02   8.5627895E-02   2.9913348E-02   3.0772177E-02   1.7673876E-01
   1.0000000E+00   3.1008798E+01   2.5190923E+00   9.0643194E-02   8.5551652E-02   2.9951685E-02   3.0814127E-02   1.7666000E-01
   1.0000000E+00   3.1505734E+01   2.5190739E+00   9.0584912E-02   8.5476491E-02   2.9989931E-02   3.0855645E-02   1.7658196E-01
   1.0000000E+00   3.2002669E+01   2.5190559E+00   9.0527692E-02   8.5402459E-02   3.0028038E-02   3.0896701E-02   1.7650464E-01
   1.0000000E+00   3.2513804E+01   2.5190376E+00   9.0469969E-02   8.5327534E-02   3.0067047E-02   3.0938422E-02   1.7642588E-01
   1.0000000E+00   3.3010739E+01   2.5190200E+00   9.0414972E-02   8.5255915E-02   3.0104753E-02   3.0978467E-02   1.7635006E-01
   1.0000000E+00   3.3507675E+01   2.5190027E+00   9.0361098E-02   8.5185535E-02   3.0142206E-02   3.1017985E-02   1.7627499E-01
   1.0000000E+00   3.4004611E+01   2.5189856E+00   9.0308361E-02   8.5116422E-02   3.0179378E-02   3.1056960E-02   1.7620068E-01
   1.0000000E+00   3.4501547E+01   2.5189688E+00   9.0256774E-02   8.5048598E-02   3.0216241E-02   3.1095381E-02   1.7612712E-01
   1.0000000E+00   3.5012681E+01   2.5189517E+00   9.0204919E-02   8.4980200E-02   3.0253810E-02   3.1134311E-02   1.7605226E-01
   1.0000000E+00   3.5509617E+01   2.5189353E+00   9.0155682E-02   8.4915042E-02   3.0289977E-02   3.1171581E-02   1.7598024E-01
   1.0000000E+00   3.6006553E+01   2.5189192E+00   9.0107610E-02   8.4851217E-02   3.0325771E-02   3.1208276E-02   1.7590899E-01
   1.0000000E+00   3.6503489E+01   2.5189033E+00   9.0060701E-02   8.4788730E-02   3.0361178E-02   3.1244393E-02   1.7583848E-01
   1.0000000E+00   3.7000424E+01   2.5188876E+00   9.0014953E-02   8.4727585E-02   3.0396184E-02   3.1279932E-02   1.7576874E-01
   1.0000000E+00   3.7511558E+01   2.5188717E+00   8.9969103E-02   8.4666094E-02   3.0431761E-02   3.1315886E-02   1.7569777E-01
   1.0000000E+00   3.8008494E+01   2.5188565E+00   8.9925691E-02   8.4607668E-02   3.0465922E-02   3.1350259E-02   1.7562953E-01
   1.0000000E+00   3.8505430E+01   2.5188415E+00   8.9883418E-02   8.4550575E-02   3.0499656E-02   3.1384063E-02   1.7556203E-01
   1.0000000E+00   3.9002366E+01   2.5188266E+00   8.9842271E-02   8.4494806E-02   3.0532957E-02   3.1417303E-02   1.7549526E-01
   1.0000000E+00   3.9513500E+01   2.5188116E+00   8.9801111E-02   8.4438813E-02   3.0566754E-02   3.1450913E-02   1.7542733E-01
   1.0000000E+00   4.0010436E+01   2.5187971E+00   8.9762209E-02   8.4385693E-02   3.0599167E-02   3.1483032E-02   1.7536201E-01
   1.0000000E+00   4.0507372E+01   2.5187829E+00   8.9724389E-02   8.4333856E-02   3.0631141E-02   3.1514611E-02   1.7529740E-01
   1.0000000E+00   4.1004308E+01   2.5187688E+00   8.9687634E-02   8.4283285E-02   3.0662675E-02   3.1545660E-02   1.7523348E-01
   1.0000000E+00   4.1507367E+01   2.5187547E+00   8.9651492E-02   8.4233360E-02   3.0694153E-02   3.1576560E-02   1.7516948E-01
   1.0000000E+00   4.2008477E+01   2.5187408E+00   8.9616534E-02   8.4184877E-02   3.0725066E-02   3.1606822E-02   1.7510641E-01
   1.0000000E+00   4.2509587E+01   2.5187271E+00   8.9582597E-02   8.4137617E-02   3.0755539E-02   3.1636576E-02   1.7504403E-01
   1.0000000E+00   4.3010697E+01   2.5187135E+00   8.9549660E-02   8.4091555E-02   3.0785579E-02   3.1665834E-02   1.7498231E-01
   1.0000000E+00   4.3511808E+01   2.5187001E+00   8.9517698E-02   8.4046668E-02   3.0815188E-02   3.1694609E-02   1.7492126E-01
   1.0000000E+00   4.4012918E+01   2.5186868E+00   8.9486687E-02   8.4002927E-02   3.0844374E-02   3.1722911E-02   1.7486085E-01
   1.0000000E+00   4.4500108E+01   2.5186741E+00   8.9457426E-02   8.3961475E-02   3.0872348E-02   3.1749987E-02   1.7480274E-01
   1.0000000E+00   4.5001218E+01   2.5186610E+00   8.9428220E-02   8.3919916E-02   3.0900715E-02   3.1777393E-02   1.7474359E-01
   1.0000000E+00   4.5502329E+01   2.5186481E+00   8.9399890E-02   8.3879421E-02   3.0928676E-02   3.1804363E-02   1.7468506E-01
   1.0000000E+00   4.6003439E+01   2.5186353E+00   8.9372411E-02   8.3839962E-02   3.0956238E-02   3.1830908E-02   1.7462714E-01
   1.0000000E+00   4.6504549E+01   2.5186226E+00   8.9345757E-02   8.3801509E-02   3.0983407E-02   3.1857038E-02   1.7456982E-01
   1.0000000E+00   4.7005659E+01   2.5186100E+00   8.9319902E-02   8.3764032E-02   3.1010190E-02   3.1882765E-02   1.7451309E-01
   1.0000000E+00   4.7506769E+01   2.5185975E+00   8.9294819E-02   8.3727502E-02   3.1036592E-02   3.1908098E-02   1.7445694E-01
   1.0000000E+00   4.8007880E+01   2.5185851E+00   8.9270481E-02   8.3691889E-02   3.1062620E-02   3.1933046E-02   1.7440135E-01
   1.0000000E+00   4.8508990E+01   2.5185728E+00   8.9246861E-02   8.3657164E-02   3.1088279E-02   3.1957618E-02   1.7434632E-01
   1.0000000E+00   4.9010100E+01   2.5185606E+00   8.9223933E-02   8.3623297E-02   3.1113572E-02   3.1981821E-02   1.7429184E-01
   1.0000000E+00   4.9511210E+01   2.5185484E+00   8.9201669E-02   8.3590258E-02   3.1138505E-02   3.2005662E-02   1.7423788E-01
   1.0000000E+00   5.0012320E+01   2.5185363E+00   8.9180043E-02   8.3558018E-02   3.1163080E-02   3.2029146E-02   1.7418445E-01
   1.0000000E+00   5.0513430E+01   2.5185243E+00   8.9159027E-02   8.3526550E-02   3.1187300E-02   3.2052278E-02   1.7413153E-01
   1.0000000E+00   5.1000621E+01   2.5185127E+00   8.9139155E-02   8.3496666E-02   3.1210506E-02   3.2074432E-02   1.7408056E-01
   1.0000000E+00   5.1501731E+01   2.5185008E+00   8.9119265E-02   8.3466634E-02   3.1234027E-02   3.2096878E-02   1.7402861E-01
   1.0000000E+00   5.2002841E+01   2.5184890E+00   8.9099905E-02   8.3437288E-02   3.1257192E-02   3.2118977E-02   1.7397713E-01
   1.0000000E+00   5.2503951E+01   2.5184773E+00   8.9081048E-02   8.3408600E-02   3.1280001E-02   3.2140729E-02   1.7392610E-01
   1.0000000E+00   5.3005062E+01   2.5184656E+00   8.9062667E-02   8.3380545E-02   3.1302449E-02   3.2162133E-02   1.7387553E-01
   1.0000000E+00   5.3506172E+01   2.5184539E+00   8.9044736E-02   8.3353095E-02   3.1324534E-02   3.2183186E-02   1.7382538E-01
   1.0000000E+00   5.4007282E+01   2.5184423E+00   8.9027226E-02   8.3326224E-02   3.1346250E-02   3.2203886E-02   1.7377566E-01
   1.0000000E+00   5.4504569E+01   2.5184309E+00   8.9010241E-02   8.3300104E-02   3.1367431E-02   3.2224073E-02   1.7372671E-01
   1.0000000E+00   5.5009496E+01   2.5184193E+00   8.8993367E-02   8.3274113E-02   3.1388554E-02   3.2244206E-02   1.7367741E-01
   1.0000000E+00   5.5500777E+01   2.5184082E+00   8.8977281E-02   8.3249314E-02   3.1408730E-02   3.2263437E-02   1.7362981E-01
   1.0000000E+00   5.6005704E+01   2.5183967E+00   8.8961065E-02   8.3224302E-02   3.1429074E-02   3.2282831E-02   1.7358125E-01
   1.0000000E+00   5.6510631E+01   2.5183853E+00   8.8945143E-02   8.3199748E-02   3.1449014E-02   3.2301845E-02   1.7353306E-01
   1.0000000E+00   5.7001911E+01   2.5183742E+00   8.8929909E-02   8.3176272E-02   3.1468023E-02   3.2319977E-02   1.7348650E-01
   1.0000000E+00   5.7506838E+01   2.5183629E+00   8.8914491E-02   8.3152546E-02   3.1487154E-02   3.2338236E-02   1.7343899E-01
   1.0000000E+00   5.8011765E+01   2.5183515E+00   8.8899292E-02   8.3129202E-02   3.1505871E-02   3.2356113E-02   1.7339181E-01
   1.0000000E+00   5.8503046E+01   2.5183405E+00   8.8884690E-02   8.3106830E-02   3.1523689E-02   3.2373146E-02   1.7334622E-01
   1.0000000E+00   5.9007973E+01   2.5183292E+00   8.8869853E-02   8.3084164E-02   3.1541600E-02   3.2390289E-02   1.7329969E-01
   1.0000000E+00   5.9512900E+01   2.5183179E+00   8.8855168E-02   8.3061803E-02   3.1559114E-02   3.2407079E-02   1.7325348E-01
   1.0000000E+00   6.0004180E+01   2.5183068E+00   8.8841006E-02   8.3040316E-02   3.1575787E-02   3.2423095E-02   1.7320884E-01
   1.0000000E+00   6.0509107E+01   2.5182954E+00   8.8826565E-02   8.3018482E-02   3.1592566E-02   3.2439250E-02   1.7316329E-01
   1.0000000E+00   6.1000387E+01   2.5182841E+00   8.8812610E-02   8.2997459E-02   3.1608569E-02   3.2454702E-02   1.7311930E-01
   1.0000000E+00   6.1505314E+01   2.5182725E+00   8.8798355E-02   8.2976051E-02   3.1624718E-02   3.2470351E-02   1.7307445E-01
   1.0000000E+00   6.2010241E+01   2.5182607E+00   8.8784177E-02   8.2954819E-02   3.1640607E-02   3.2485813E-02   1.7302999E-01
   1.0000000E+00   6.2501522E+01   2.5182490E+00   8.8770451E-02   8.2934306E-02   3.1655867E-02   3.2500736E-02   1.7298712E-01
   1.0000000E+00   6.3006449E+01   2.5182368E+00   8.8756412E-02   8.2913344E-02   3.1671407E-02   3.2516017E-02   1.7294350E-01
   1.0000000E+00   6.3511376E+01   2.5182243E+00   8.8742442E-02   8.2892479E-02   3.1686873E-02   3.2531323E-02   1.7290037E-01
   1.0000000E+00   6.4002656E+01   2.5182118E+00   8.8728922E-02   8.2872246E-02   3.1701932E-02   3.2546330E-02   1.7285892E-01
   1.0000000E+00   6.4507583E+01   2.5181986E+00   8.8715109E-02   8.2851494E-02   3.1717512E-02   3.2561977E-02   1.7281690E-01
   1.0000000E+00   6.5012510E+01   2.5181848E+00   8.8701397E-02   8.2830760E-02   3.1733309E-02   3.2577969E-02   1.7277553E-01
   1.0000000E+00   6.5503790E+01   2.5181710E+00   8.8688170E-02   8.2810581E-02   3.1749004E-02   3.2593993E-02   1.7273597E-01
   1.0000000E+00   6.6008717E+01   2.5181561E+00   8.8674723E-02   8.2789810E-02   3.1765607E-02   3.2611088E-02   1.7269610E-01
   1.0000000E+00   6.6513645E+01   2.5181406E+00   8.8661459E-02   8.2768988E-02   3.1782842E-02   3.2628986E-02   1.7265712E-01
   1.0000000E+00   6.7004925E+01   2.5181247E+00   8.8648772E-02   8.2748660E-02   3.1800380E-02   3.2647348E-02   1.7262014E-01
   1.0000000E+00   6.7509852E+01   2.5181075E+00   8.8636009E-02   8.2727681E-02   3.1819380E-02   3.2667395E-02   1.7258322E-01
   1.0000000E+00   6.8001132E+01   2.5180899E+00   8.8623921E-02   8.2707174E-02   3.1839014E-02   3.2688258E-02   1.7254847E-01
   1.0000000E+00   6.8506059E+01   2.5180707E+00   8.8611914E-02   8.2685993E-02   3.1860601E-02   3.2711342E-02   1.7251409E-01
   1.0000000E+00   6.9010986E+01   2.5180503E+00   8.8600422E-02   8.2664707E-02   3.1883866E-02   3.2736362E-02   1.7248120E-01
   1.0000000E+00   6.9502267E+01   2.5180292E+00   8.8589841E-02   8.2643907E-02   3.1908377E-02   3.2762848E-02   1.7245079E-01
   1.0000000E+00   7.0007194E+01   2.5180062E+00   8.8579712E-02   8.2622457E-02   3.1935794E-02   3.2792590E-02   1.7242135E-01
   1.0000000E+00   7.0512121E+01   2.5179816E+00   8.8570494E-02   8.2600968E-02   3.1965801E-02   3.2825243E-02   1.7239392E-01
   1.0000000E+00   7.1003401E+01   2.5179561E+00   8.8562575E-02   8.2580070E-02   3.1997841E-02   3.2860187E-02   1.7236937E-01
   1.0000000E+00   7.1508328E+01   2.5179281E+00   8.8555729E-02   8.2558669E-02   3.2034096E-02   3.2899790E-02   1.7234656E-01
   1.0000000E+00   7.2013255E+01   2.5178981E+00   8.8550444E-02   8.2537439E-02   3.2074170E-02   3.2943601E-02   1.7232645E-01
   1.0000000E+00   7.2504535E+01   2.5178669E+00   8.8547082E-02   8.2517060E-02   3.2117293E-02   3.2990755E-02   1.7230973E-01
   1.0000000E+00   7.3009462E+01   2.5178327E+00   8.8545788E-02   8.2496544E-02   3.2166393E-02   3.3044421E-02   1.7229576E-01
   1.0000000E+00   7.3500743E+01   2.5177970E+00   8.8547006E-02   8.2477170E-02   3.2219383E-02   3.3102282E-02   1.7228559E-01
   1.0000000E+00   7.4005670E+01   2.5177578E+00   8.8551248E-02   8.2458077E-02   3.2279856E-02   3.3168214E-02   1.7227900E-01
   1.0000000E+00   7.4510597E+01   2.5177158E+00   8.8559036E-02   8.2440073E-02   3.2347136E-02   3.3241416E-02   1.7227667E-01
   1.0000000E+00   7.5001877E+01   2.5176721E+00   8.8570573E-02   8.2423895E-02   3.2419870E-02   3.3320357E-02   1.7227888E-01
   1.0000000E+00   7.5506804E+01   2.5176240E+00   8.8587139E-02   8.2408991E-02   3.2502914E-02   3.3410226E-02   1.7228617E-01
   1.0000000E+00   7.6011731E+01   2.5175726E+00   8.8609197E-02   8.2396234E-02   3.2595254E-02   3.3509826E-02   1.7229897E-01
   1.0000000E+00   7.6503011E+01   2.5175189E+00   8.8636689E-02   8.2386307E-02   3.2694939E-02   3.3616962E-02   1.7231715E-01
   1.0000000E+00   7.7007939E+01   2.5174599E+00   8.8671980E-02   8.2379140E-02   3.2808494E-02   3.3738533E-02   1.7234219E-01
   1.0000000E+00   7.7512866E+01   2.5173967E+00   8.8715299E-02   8.2375573E-02   3.2934316E-02   3.3872688E-02   1.7237415E-01
   1.0000000E+00   7.8004146E+01   2.5173307E+00   8.8766025E-02   8.2376072E-02   3.3069472E-02   3.4016209E-02   1.7241232E-01
   1.0000000E+00   7.8509073E+01   2.5172582E+00   8.8827857E-02   8.2381182E-02   3.3222419E-02   3.4177980E-02   1.7245926E-01
   1.0000000E+00   7.9000353E+01   2.5171826E+00   8.8898244E-02   8.2391086E-02   3.3385728E-02   3.4350079E-02   1.7251276E-01
   1.0000000E+00   7.9505280E+01   2.5170994E+00   8.8981785E-02   8.2406722E-02   3.3569186E-02   3.4542800E-02   1.7257608E-01
   1.0000000E+00   8.0010207E+01   2.5170105E+00   8.9077152E-02   8.2428140E-02   3.3768930E-02   3.4752122E-02   1.7264795E-01
   1.0000000E+00   8.0501488E+01   2.5169182E+00   8.9181431E-02   8.2454563E-02   3.3979004E-02   3.4971977E-02   1.7272601E-01
   1.0000000E+00   8.1006415E+01   2.5168175E+00   8.9300111E-02   8.2487202E-02   3.4210689E-02   3.5214468E-02   1.7281422E-01
   1.0000000E+00   8.1511342E+01   2.5167110E+00   8.9429550E-02   8.2524755E-02   3.4457353E-02   3.5473101E-02   1.7290980E-01
   1.0000000E+00   8.2002622E+01   2.5166023E+00   8.9564269E-02   8.2564962E-02   3.4710017E-02   3.5739020E-02   1.7300872E-01
   1.0000000E+00   8.2507549E+01   2.5164862E+00   8.9709342E-02   8.2608489E-02   3.4980046E-02   3.6024895E-02   1.7311481E-01
   1.0000000E+00   8.3012476E+01   2.5163669E+00   8.9857786E-02   8.2652160E-02   3.5256803E-02   3.6320298E-02   1.7322316E-01
   1.0000000E+00   8.3503756E+01   2.5162497E+00   9.0001427E-02   8.2692370E-02   3.5527861E-02   3.6612537E-02   1.7332810E-01
   1.0000000E+00   8.4008683E+01   2.5161304E+00   9.0143431E-02   8.2728629E-02   3.5802404E-02   3.6911959E-02   1.7343232E-01
   1.0000000E+00   8.4513610E+01   2.5160153E+00   9.0274570E-02   8.2757100E-02   3.6066056E-02   3.7203020E-02   1.7352956E-01
   1.0000000E+00   8.5004891E+01   2.5159103E+00   9.0387168E-02   8.2775374E-02   3.6305337E-02   3.7470053E-02   1.7361468E-01
   1.0000000E+00   8.5509818E+01   2.5158124E+00   9.0484176E-02   8.2783710E-02   3.6527298E-02   3.7719504E-02   1.7369066E-01
   1.0000000E+00   8.6001098E+01   2.5157285E+00   9.0559650E-02   8.2782733E-02   3.6716065E-02   3.7931530E-02   1.7375369E-01
   1.0000000E+00   8.6506025E+01   2.5156526E+00   9.0620635E-02   8.2775694E-02   3.6882026E-02   3.8115514E-02   1.7381049E-01
   1.0000000E+00   8.7010952E+01   2.5155824E+00   9.0671609E-02   8.2767771E-02   3.7024812E-02   3.8269319E-02   1.7386570E-01
   1.0000000E+00   8.7502232E+01   2.5155108E+00   9.0720815E-02   8.2764874E-02   3.7151608E-02   3.8401124E-02   1.7392659E-01
   1.0000000E+00   8.8007160E+01   2.5154235E+00   9.0780906E-02   8.2771704E-02   3.7282945E-02   3.8534855E-02   1.7400627E-01
   1.0000000E+00   8.8512087E+01   2.5153131E+00   9.0858715E-02   8.2791334E-02   3.7428614E-02   3.8684334E-02   1.7411204E-01
   1.0000000E+00   8.9003367E+01   2.5151790E+00   9.0956580E-02   8.2823644E-02   3.7594461E-02   3.8859039E-02   1.7424637E-01
   1.0000000E+00   8.9508294E+01   2.5150136E+00   9.1084044E-02   8.2870510E-02   3.7799230E-02   3.9081742E-02   1.7442138E-01
   1.0000000E+00   9.0013221E+01   2.5148214E+00   9.1243974E-02   8.2931245E-02   3.8050905E-02   3.9364114E-02   1.7463704E-01
   1.0000000E+00   9.0501664E+01   2.5146076E+00   9.1436481E-02   8.3003186E-02   3.8354937E-02   3.9711989E-02   1.7488561E-01
   1.0000000E+00   9.1003613E+01   2.5143463E+00   9.1681967E-02   8.3090146E-02   3.8750623E-02   4.0162828E-02   1.7518082E-01
   1.0000000E+00   9.1506273E+01   2.5140092E+00   9.1987847E-02   8.3189239E-02   3.9259578E-02   4.0725328E-02   1.7551380E-01
   1.0000000E+00   9.2005628E+01   2.5135346E+00   9.2368655E-02   8.3298117E-02   3.9917317E-02   4.1426338E-02   1.7587992E-01
   1.0000000E+00   9.2503940E+01   2.5128221E+00   9.2855739E-02   8.3417635E-02   4.0788313E-02   4.2349111E-02   1.7628689E-01
